Soloution
x0 = 1.465909090909
x1 = 1.897727272727
x2 = 3.011363636364
x3 = 3.909090909091
