lambda = 7.3722813208856444
x0 = 0.5417786692009939
x1 = 0.6426132174158885
x2 = 0.5417786692009939
