Soloution
x0 = 1.000000000000
x1 = 2.000000000000
x2 = 3.000000000000
x3 = 4.000000000000
