lambda = 1.6277186767947567
x0 = 0.4544031541406692
x1 = -0.7661824502127561
x2 = 0.4544031541406692
